       osm_id        
---------------------
 -100000000006055984
 -100000000005422383
 -100000000002818270
 -100000000002818269
 -100000000002818268
 -100000000002818265
 -100000000002818264
 -100000000002818263
 -100000000002818262
 -100000000002818261
 -100000000002818260
 -100000000002818259
 -100000000002818258
 -100000000002818257
 -100000000002818256
 -100000000002818255
 -100000000002366604
 -100000000001515655
 -100000000001120248
 -100000000000113633
          -367994994
          -345692968
          -298549539
          -216479903
          -216479902
          -216479897
          -216479894
          -216479892
          -216479890
          -216479889
          -216479887
          -216479884
          -189718476
          -160197486
          -113818807
          -106271569
          -106271137
          -106270668
          -106269246
          -106268121
          -106266772
           -80977246
           -72613581
           -68793387
           -48048568
           -42274134
           -38781889
           -38416668
           -31267813
           -29451918
(50 rows)

