       osm_id        
---------------------
 -100000000006245013
 -100000000006231487
 -100000000006214845
 -100000000006204799
 -100000000006201223
 -100000000006196234
 -100000000006196144
 -100000000006195350
 -100000000006195205
 -100000000006194419
 -100000000006193596
 -100000000006184788
 -100000000006183668
 -100000000006183652
 -100000000006183628
 -100000000006183062
 -100000000006182759
 -100000000006181745
 -100000000006181710
 -100000000006179729
 -100000000006178056
 -100000000006177570
 -100000000006175944
 -100000000006172546
 -100000000006166193
 -100000000006160113
 -100000000006160112
 -100000000006148190
 -100000000006148189
 -100000000006130262
 -100000000006118513
 -100000000006105030
 -100000000006090049
 -100000000006083788
 -100000000006048188
 -100000000006047980
 -100000000006047979
 -100000000006043360
 -100000000006041993
 -100000000006037334
 -100000000006036866
 -100000000006031405
 -100000000006029922
 -100000000006029912
 -100000000006022463
 -100000000006022462
 -100000000006014332
 -100000000006011578
 -100000000006009578
 -100000000006009421
 -100000000006009420
 -100000000006000996
 -100000000006000995
 -100000000005994429
 -100000000005994428
 -100000000005991963
 -100000000005975285
 -100000000005972641
 -100000000005972575
 -100000000005971727
 -100000000005968236
 -100000000005968235
 -100000000005966276
 -100000000005962606
 -100000000005959595
 -100000000005928918
 -100000000005911095
 -100000000005909382
 -100000000005900504
 -100000000005897618
 -100000000005890141
 -100000000005881238
 -100000000005874430
 -100000000005874427
 -100000000005825123
 -100000000005822902
 -100000000005822899
 -100000000005821639
 -100000000005821638
 -100000000005821435
 -100000000005817717
 -100000000005806593
 -100000000005804132
 -100000000005803318
 -100000000005776221
 -100000000005756773
 -100000000005746664
 -100000000005741106
 -100000000005739083
 -100000000005733424
 -100000000005730899
 -100000000005726146
 -100000000005726145
 -100000000005715724
 -100000000005707487
 -100000000005707282
 -100000000005707281
 -100000000005705807
 -100000000005703967
 -100000000005703966
 -100000000005702536
 -100000000005683997
 -100000000005669369
 -100000000005667338
 -100000000005667009
 -100000000005659529
 -100000000005659141
 -100000000005657956
 -100000000005657384
 -100000000005654246
 -100000000005653946
 -100000000005648783
 -100000000005643394
 -100000000005643278
 -100000000005641677
 -100000000005637688
 -100000000005634927
 -100000000005628097
 -100000000005621339
 -100000000005615161
 -100000000005608980
 -100000000005602025
 -100000000005597896
 -100000000005596346
 -100000000005587838
 -100000000005585617
 -100000000005583523
 -100000000005583396
 -100000000005583395
 -100000000005583394
 -100000000005582296
 -100000000005582274
 -100000000005582273
 -100000000005582272
 -100000000005581987
 -100000000005577100
 -100000000005568013
 -100000000005562705
 -100000000005562633
 -100000000005562632
 -100000000005559043
 -100000000005559040
 -100000000005559034
 -100000000005543369
 -100000000005532607
 -100000000005519057
 -100000000005518922
 -100000000005512463
 -100000000005506511
 -100000000005501199
 -100000000005493796
 -100000000005493794
 -100000000005491105
 -100000000005486575
 -100000000005476403
 -100000000005476068
 -100000000005473538
 -100000000005471226
 -100000000005471225
 -100000000005469544
 -100000000005469526
 -100000000005461304
 -100000000005455229
 -100000000005455118
 -100000000005448585
 -100000000005441129
 -100000000005441128
 -100000000005437877
 -100000000005437384
 -100000000005437365
 -100000000005429430
 -100000000005429429
 -100000000005405981
 -100000000005396035
 -100000000005392112
 -100000000005388705
 -100000000005377834
 -100000000005368563
 -100000000005368457
 -100000000005361837
 -100000000005356656
 -100000000005350530
 -100000000005336720
 -100000000005328412
 -100000000005327888
 -100000000005325867
 -100000000005325823
 -100000000005324365
 -100000000005323756
 -100000000005309017
 -100000000005306455
 -100000000005305539
 -100000000005303717
 -100000000005303233
 -100000000005302358
 -100000000005299261
 -100000000005293247
 -100000000005292817
 -100000000005292738
 -100000000005288261
 -100000000005272932
 -100000000005272858
 -100000000005268295
 -100000000005261040
 -100000000005258944
 -100000000005250971
 -100000000005245899
 -100000000005231393
 -100000000005227327
 -100000000005227325
 -100000000005223189
 -100000000005190820
 -100000000005185798
 -100000000005177170
 -100000000005172665
 -100000000005163861
 -100000000005148552
 -100000000005143127
 -100000000005122183
 -100000000005117905
 -100000000004874026
 -100000000004869628
 -100000000004866432
 -100000000004857676
 -100000000004857674
 -100000000004857673
 -100000000004857672
 -100000000004857091
 -100000000004857034
 -100000000004856910
 -100000000004856880
 -100000000004849227
 -100000000004847804
 -100000000004846516
 -100000000004835744
 -100000000004827705
 -100000000004827227
 -100000000004827080
 -100000000004821134
 -100000000004821133
 -100000000004815558
 -100000000004810159
 -100000000004808713
 -100000000004808712
 -100000000004808134
 -100000000004807064
 -100000000004806801
 -100000000004804889
 -100000000004804656
 -100000000004804307
 -100000000004800289
 -100000000004800267
 -100000000004791032
 -100000000004782785
 -100000000004782010
 -100000000004779759
 -100000000004779209
 -100000000004779207
 -100000000004779156
 -100000000004778110
 -100000000004778048
 -100000000004771632
 -100000000004771063
 -100000000004768479
 -100000000004766709
 -100000000004765653
 -100000000004762743
 -100000000004758064
 -100000000004757971
 -100000000004756964
 -100000000004753237
 -100000000004743186
 -100000000004730624
 -100000000004728024
 -100000000004727055
 -100000000004726471
 -100000000004726456
 -100000000004721396
 -100000000004716875
 -100000000004706275
 -100000000004704626
 -100000000004682653
 -100000000004680524
 -100000000004677408
 -100000000004672489
 -100000000004670781
 -100000000004666814
 -100000000004666808
 -100000000004659875
 -100000000004659843
 -100000000004659722
 -100000000004654646
 -100000000004652541
 -100000000004652274
 -100000000004652273
 -100000000004652270
 -100000000004651274
 -100000000004649808
 -100000000004649669
 -100000000004649097
 -100000000004649093
 -100000000004634799
 -100000000004633043
 -100000000004631493
 -100000000004629204
 -100000000004619311
 -100000000004619310
 -100000000004618560
 -100000000004617847
 -100000000004617843
 -100000000004615206
 -100000000004613263
 -100000000004610213
 -100000000004609872
 -100000000004606165
 -100000000004603251
 -100000000004603150
 -100000000004598763
 -100000000004596866
 -100000000004595040
 -100000000004595039
 -100000000004594967
 -100000000004594966
 -100000000004594963
 -100000000004591382
 -100000000004591380
 -100000000004591379
 -100000000004590746
 -100000000004574138
 -100000000004574043
 -100000000004573745
 -100000000004573742
 -100000000004571991
 -100000000004550196
 -100000000004547585
 -100000000004547584
 -100000000004547143
 -100000000004540341
 -100000000004540336
 -100000000004540335
 -100000000004540334
 -100000000004540333
 -100000000004539278
 -100000000004538029
 -100000000004538024
 -100000000004538007
 -100000000004537927
 -100000000004525400
 -100000000004521901
 -100000000004521900
 -100000000004520122
 -100000000004519894
 -100000000004514685
 -100000000004514684
 -100000000004513666
 -100000000004512179
 -100000000004510416
 -100000000004510317
 -100000000004510151
 -100000000004507954
 -100000000004503693
 -100000000004503670
 -100000000004501117
 -100000000004498952
 -100000000004498152
 -100000000004496156
 -100000000004496060
 -100000000004495619
 -100000000004494626
 -100000000004487476
 -100000000004483272
 -100000000004479378
 -100000000004478833
 -100000000004477455
 -100000000004471281
 -100000000004470959
 -100000000004470958
 -100000000004468660
 -100000000004464222
 -100000000004463388
 -100000000004461450
 -100000000004460548
 -100000000004460231
 -100000000004460152
 -100000000004460149
 -100000000004459550
 -100000000004458900
 -100000000004456766
 -100000000004452125
 -100000000004445491
 -100000000004437371
 -100000000004435972
 -100000000004435681
 -100000000004430141
 -100000000004430132
 -100000000004423432
 -100000000004292902
 -100000000004292162
 -100000000004285029
 -100000000004280667
 -100000000004274902
 -100000000004274901
 -100000000004274604
 -100000000004274603
 -100000000004274602
 -100000000004274601
 -100000000004264593
 -100000000004264514
 -100000000004259711
 -100000000004258429
 -100000000004257972
 -100000000004256772
 -100000000004251006
 -100000000004251005
 -100000000004250948
 -100000000004247500
 -100000000004244597
 -100000000004244104
 -100000000004237397
 -100000000004235329
 -100000000004229946
 -100000000004227818
 -100000000004225996
 -100000000004212522
 -100000000004211434
 -100000000004207856
 -100000000004201492
 -100000000004194285
 -100000000004192384
 -100000000004179756
 -100000000004174990
 -100000000004164621
 -100000000004163839
 -100000000004163694
 -100000000004149009
 -100000000004136263
 -100000000004121331
 -100000000004121315
 -100000000004121014
 -100000000004108708
 -100000000004107750
 -100000000004106078
 -100000000004105142
 -100000000004101681
 -100000000004097901
 -100000000004091034
 -100000000004076899
 -100000000004073069
 -100000000004070313
 -100000000004069685
 -100000000004056816
 -100000000004056815
 -100000000004042068
 -100000000004038061
 -100000000004035386
 -100000000004025979
 -100000000004020232
 -100000000004009727
 -100000000004006208
 -100000000004005110
 -100000000004003834
 -100000000004003832
 -100000000004003830
 -100000000004003828
 -100000000003999058
 -100000000003999057
 -100000000003992809
 -100000000003985979
 -100000000003984775
 -100000000003981025
 -100000000003981005
 -100000000003978991
 -100000000003962266
 -100000000003961892
 -100000000003961192
 -100000000003960986
 -100000000003952671
 -100000000003943787
 -100000000003931620
 -100000000003916109
 -100000000003913881
 -100000000003905763
 -100000000003897807
 -100000000003897806
 -100000000003886311
 -100000000003885481
 -100000000003884209
 -100000000003884208
 -100000000003884207
 -100000000003884206
 -100000000003880200
 -100000000003877416
 -100000000003876911
 -100000000003873306
 -100000000003868275
 -100000000003867055
 -100000000003865699
 -100000000003860441
 -100000000003859075
 -100000000003857483
 -100000000003852859
 -100000000003852178
 -100000000003851472
 -100000000003850841
 -100000000003850818
 -100000000003850817
 -100000000003846907
 -100000000003845460
 -100000000003842278
 -100000000003840215
 -100000000003839582
 -100000000003839207
 -100000000003828401
 -100000000003828400
 -100000000003828399
 -100000000003828398
 -100000000003824010
 -100000000003824009
 -100000000003822674
 -100000000003822672
 -100000000003814255
 -100000000003808967
 -100000000003808369
 -100000000003797112
 -100000000003797111
 -100000000003788884
 -100000000003783168
 -100000000003781935
 -100000000003779129
 -100000000003777805
 -100000000003772144
 -100000000003764599
 -100000000003758379
 -100000000003756996
 -100000000003755143
 -100000000003753811
 -100000000003750343
 -100000000003748887
 -100000000003748241
 -100000000003735755
 -100000000003734356
 -100000000003731708
 -100000000003729526
 -100000000003729040
 -100000000003713110
 -100000000003709967
 -100000000003708479
 -100000000003707651
 -100000000003698226
 -100000000003698219
 -100000000003695931
 -100000000003695920
 -100000000003694832
 -100000000003686006
 -100000000003683663
 -100000000003683125
 -100000000003672547
 -100000000003672472
 -100000000003672386
 -100000000003671212
 -100000000003671183
 -100000000003671182
 -100000000003669167
 -100000000003669099
 -100000000003661985
 -100000000003661797
 -100000000003661643
 -100000000003658037
 -100000000003652742
 -100000000003650209
 -100000000003648045
 -100000000003638571
 -100000000003633987
 -100000000003633080
 -100000000003627059
 -100000000003627058
 -100000000003627057
 -100000000003627056
 -100000000003626749
 -100000000003622605
 -100000000003619680
 -100000000003618406
 -100000000003618405
 -100000000003614991
 -100000000003612319
 -100000000003612318
 -100000000003611995
 -100000000003611321
 -100000000003611279
 -100000000003610831
 -100000000003609525
 -100000000003609441
 -100000000003609440
 -100000000003607302
 -100000000003606512
 -100000000003606218
 -100000000003601709
 -100000000003601707
 -100000000003601706
 -100000000003596850
 -100000000003594175
 -100000000003591727
 -100000000003590964
 -100000000003589745
 -100000000003589744
 -100000000003589743
 -100000000003587445
 -100000000003585399
 -100000000003583624
 -100000000003582589
 -100000000003582588
 -100000000003582587
 -100000000003582586
 -100000000003577759
 -100000000003576731
 -100000000003574195
 -100000000003574194
 -100000000003569685
 -100000000003566574
 -100000000003559983
 -100000000003559025
 -100000000003558754
 -100000000003558753
 -100000000003550207
 -100000000003549683
 -100000000003547190
 -100000000003546251
 -100000000003535568
 -100000000003535503
 -100000000003533122
 -100000000003523224
 -100000000003523223
 -100000000003520321
 -100000000003518582
 -100000000003518515
 -100000000003511016
 -100000000003510973
 -100000000003509115
 -100000000003506073
 -100000000003505652
 -100000000003504092
 -100000000003504090
 -100000000003501232
 -100000000003501231
 -100000000003501230
 -100000000003500467
 -100000000003497972
 -100000000003496533
 -100000000003496350
 -100000000003495580
 -100000000003490208
 -100000000003490133
 -100000000003488826
 -100000000003486946
 -100000000003486205
 -100000000003486118
 -100000000003486109
 -100000000003485464
 -100000000003485158
 -100000000003485142
 -100000000003485141
 -100000000003481918
 -100000000003481906
 -100000000003479006
 -100000000003478956
 -100000000003478911
 -100000000003478606
 -100000000003477428
 -100000000003474549
 -100000000003472099
 -100000000003472098
 -100000000003472097
 -100000000003470793
 -100000000003470777
 -100000000003467064
 -100000000003467062
 -100000000003466364
 -100000000003465060
 -100000000003461518
 -100000000003459836
 -100000000003459826
 -100000000003459747
 -100000000003459209
 -100000000003458330
 -100000000003457279
 -100000000003457278
 -100000000003457277
 -100000000003454087
 -100000000003453945
 -100000000003453760
 -100000000003453569
 -100000000003450152
 -100000000003449020
 -100000000003448955
 -100000000003447455
 -100000000003444634
 -100000000003444227
 -100000000003444226
 -100000000003444098
 -100000000003440934
 -100000000003440911
 -100000000003440851
 -100000000003440820
 -100000000003440749
 -100000000003440742
 -100000000003440632
 -100000000003440630
 -100000000003440552
 -100000000003440547
 -100000000003440537
 -100000000003440462
 -100000000003438624
 -100000000003437659
 -100000000003434516
 -100000000003433981
 -100000000003431836
 -100000000003431825
 -100000000003424158
 -100000000003422756
 -100000000003422755
 -100000000003422748
 -100000000003422745
 -100000000003422730
 -100000000003422643
 -100000000003413074
 -100000000003412887
 -100000000003410713
 -100000000003410712
 -100000000003410711
 -100000000003410069
 -100000000003404030
 -100000000003403974
 -100000000003403923
 -100000000003398683
 -100000000003394163
 -100000000003393956
 -100000000003392882
 -100000000003392371
 -100000000003390389
 -100000000003389122
 -100000000003389098
 -100000000003386927
 -100000000003385756
 -100000000003381089
 -100000000003380894
 -100000000003379301
 -100000000003378671
 -100000000003370519
 -100000000003370034
 -100000000003369667
 -100000000003366645
 -100000000003365794
 -100000000003364803
 -100000000003364802
 -100000000003364788
 -100000000003363307
 -100000000003362907
 -100000000003362183
 -100000000003362182
 -100000000003362181
 -100000000003362180
 -100000000003362179
 -100000000003362178
 -100000000003362177
 -100000000003358360
 -100000000003358016
 -100000000003355320
 -100000000003353155
 -100000000003342755
 -100000000003340365
 -100000000003340115
 -100000000003339213
 -100000000003339181
 -100000000003337755
 -100000000003335583
 -100000000003333481
 -100000000003329503
 -100000000003329492
 -100000000003328493
 -100000000003327215
 -100000000003327128
 -100000000003325969
 -100000000003323603
 -100000000003317226
 -100000000003313407
 -100000000003313280
 -100000000003307526
 -100000000003303909
 -100000000003300185
 -100000000003296647
 -100000000003296135
 -100000000003293930
 -100000000003282574
 -100000000003282573
 -100000000003282572
 -100000000003278540
 -100000000003267321
 -100000000003267318
 -100000000003258793
 -100000000003258774
 -100000000003258706
 -100000000003258705
 -100000000003258588
 -100000000003247265
 -100000000003247027
 -100000000003246774
 -100000000003238626
 -100000000003238624
 -100000000003235964
 -100000000003235821
 -100000000003235656
 -100000000003234631
 -100000000003233711
 -100000000003233661
 -100000000003233637
 -100000000003233612
 -100000000003232746
 -100000000003227135
 -100000000003225019
 -100000000003219662
 -100000000003216778
 -100000000003215883
 -100000000003210130
 -100000000003207161
 -100000000003203452
 -100000000003202413
 -100000000003202068
 -100000000003202067
 -100000000003201873
 -100000000003199685
 -100000000003198652
 -100000000003196991
 -100000000003188391
 -100000000003188390
 -100000000003188291
 -100000000003187892
 -100000000003183762
 -100000000003183611
 -100000000003182425
 -100000000003178408
 -100000000003177846
 -100000000003173197
 -100000000003173167
 -100000000003172419
 -100000000003171852
 -100000000003164583
 -100000000003164581
 -100000000003164579
 -100000000003164106
 -100000000003159985
 -100000000003159966
 -100000000003151025
 -100000000003146596
 -100000000003146594
 -100000000003146377
 -100000000003139751
 -100000000003131780
 -100000000003119990
 -100000000003119989
 -100000000003118496
 -100000000003118289
 -100000000003118239
 -100000000003117957
 -100000000003117700
 -100000000003117690
 -100000000003117689
 -100000000003105910
 -100000000003105376
 -100000000003103385
 -100000000003096233
 -100000000003094073
 -100000000003092119
 -100000000003090879
 -100000000003090878
 -100000000003087371
 -100000000003087370
 -100000000003080549
 -100000000003080548
 -100000000003080542
 -100000000003080540
 -100000000003077671
 -100000000003077661
 -100000000003076714
 -100000000003076244
 -100000000003075997
 -100000000003073895
 -100000000003069870
 -100000000003069796
 -100000000003060269
 -100000000003058327
 -100000000003049300
 -100000000003047173
 -100000000003046981
 -100000000003044277
 -100000000003038536
 -100000000003020570
 -100000000003019115
 -100000000003018806
 -100000000003006719
 -100000000002999293
 -100000000002995991
 -100000000002995970
 -100000000002992205
 -100000000002991316
 -100000000002986492
 -100000000002980237
 -100000000002975140
 -100000000002975035
 -100000000002970267
 -100000000002961617
 -100000000002959352
 -100000000002958709
 -100000000002958168
 -100000000002958133
 -100000000002958064
 -100000000002956955
 -100000000002954680
 -100000000002953120
 -100000000002953119
 -100000000002951418
 -100000000002951274
 -100000000002943118
 -100000000002935632
 -100000000002934249
 -100000000002934074
 -100000000002932311
 -100000000002931425
 -100000000002931390
 -100000000002929887
 -100000000002929644
 -100000000002929167
 -100000000002929039
 -100000000002923625
 -100000000002923624
 -100000000002923623
 -100000000002918555
 -100000000002916847
 -100000000002916815
 -100000000002916814
 -100000000002903998
 -100000000002903550
 -100000000002899590
 -100000000002898128
 -100000000002897605
 -100000000002897604
 -100000000002896188
 -100000000002896187
 -100000000002896186
 -100000000002896162
 -100000000002887901
 -100000000002881315
 -100000000002874560
 -100000000002873848
 -100000000002872477
 -100000000002871386
 -100000000002864836
 -100000000002863630
 -100000000002859888
 -100000000002858006
 -100000000002853255
 -100000000002848665
 -100000000002845604
 -100000000002842419
 -100000000002841815
 -100000000002841814
 -100000000002841481
 -100000000002833845
 -100000000002832543
 -100000000002831303
 -100000000002831259
 -100000000002829684
 -100000000002828990
 -100000000002827200
 -100000000002819773
 -100000000002818311
 -100000000002810744
 -100000000002808960
 -100000000002808801
 -100000000002808795
 -100000000002808793
 -100000000002804239
 -100000000002804238
 -100000000002804237
 -100000000002804236
 -100000000002804235
 -100000000002797128
 -100000000002796905
 -100000000002795415
 -100000000002795340
 -100000000002795338
 -100000000002794945
 -100000000002790495
 -100000000002790079
 -100000000002788376
 -100000000002785289
 -100000000002776448
 -100000000002776090
 -100000000002776089
 -100000000002775313
 -100000000002774732
 -100000000002771839
 -100000000002771700
 -100000000002771652
 -100000000002771175
 -100000000002769797
 -100000000002769796
 -100000000002769795
 -100000000002765367
 -100000000002765366
 -100000000002765104
 -100000000002762988
 -100000000002760125
 -100000000002760124
 -100000000002760078
 -100000000002757695
 -100000000002757694
 -100000000002757693
 -100000000002754878
 -100000000002754876
 -100000000002754873
 -100000000002753710
 -100000000002751487
 -100000000002751163
 -100000000002750961
 -100000000002750523
 -100000000002742329
 -100000000002738721
 -100000000002737952
 -100000000002736765
 -100000000002736424
 -100000000002735175
 -100000000002734789
 -100000000002731711
 -100000000002731111
 -100000000002731105
 -100000000002728460
 -100000000002728459
 -100000000002728349
 -100000000002726915
 -100000000002725608
 -100000000002725523
 -100000000002721816
 -100000000002719341
 -100000000002717583
 -100000000002716323
 -100000000002714406
 -100000000002714312
 -100000000002710632
 -100000000002708540
 -100000000002708513
 -100000000002705802
 -100000000002705136
 -100000000002703631
 -100000000002703065
 -100000000002702837
 -100000000002696978
 -100000000002691301
 -100000000002684931
 -100000000002684493
 -100000000002682607
 -100000000002680986
 -100000000002680320
 -100000000002680319
 -100000000002680174
 -100000000002679660
 -100000000002678853
 -100000000002677644
 -100000000002666925
 -100000000002665770
 -100000000002664023
 -100000000002659455
 -100000000002658742
 -100000000002657046
 -100000000002657045
 -100000000002657044
 -100000000002656880
 -100000000002655635
 -100000000002655552
 -100000000002654281
 -100000000002653010
 -100000000002649992
 -100000000002649794
 -100000000002647610
 -100000000002647609
 -100000000002647608
 -100000000002647607
 -100000000002647022
 -100000000002644414
 -100000000002644413
 -100000000002643609
 -100000000002643427
 -100000000002642732
 -100000000002642520
 -100000000002641887
 -100000000002641304
 -100000000002640463
 -100000000002640403
 -100000000002640008
 -100000000002636462
 -100000000002636414
 -100000000002635974
 -100000000002633547
 -100000000002633456
 -100000000002630498
 -100000000002625703
 -100000000002625645
 -100000000002625130
 -100000000002623934
 -100000000002621444
 -100000000002621443
 -100000000002619367
 -100000000002612864
 -100000000002608539
 -100000000002607207
 -100000000002607206
 -100000000002606451
 -100000000002606449
 -100000000002606448
 -100000000002604260
 -100000000002600238
 -100000000002599888
 -100000000002599887
 -100000000002599375
 -100000000002598756
 -100000000002598755
 -100000000002598754
 -100000000002593119
 -100000000002585841
 -100000000002585369
 -100000000002578798
 -100000000002572310
 -100000000002567984
 -100000000002567109
 -100000000002559547
 -100000000002559137
 -100000000002553875
 -100000000002552817
 -100000000002546162
 -100000000002530276
 -100000000002529799
 -100000000002526093
 -100000000002518470
 -100000000002517000
 -100000000002516131
 -100000000002506807
 -100000000002504240
 -100000000002502579
 -100000000002502564
 -100000000002473324
 -100000000002461902
 -100000000002455953
 -100000000002438999
 -100000000002438987
 -100000000002433368
 -100000000002429256
 -100000000002422672
 -100000000002422593
 -100000000002412697
 -100000000002403949
 -100000000002364812
 -100000000002355293
 -100000000002350200
 -100000000002350048
 -100000000002347327
 -100000000002347050
 -100000000002344636
 -100000000002343040
 -100000000002338964
 -100000000002338609
 -100000000002337109
 -100000000002334943
 -100000000002334420
 -100000000002332054
 -100000000002330003
 -100000000002329645
 -100000000002329535
 -100000000002327550
 -100000000002326238
 -100000000002326237
 -100000000002318079
 -100000000002313110
 -100000000002313109
 -100000000002312868
 -100000000002306410
 -100000000002302629
 -100000000002301259
 -100000000002297435
 -100000000002295970
 -100000000002295969
 -100000000002295719
 -100000000002295607
 -100000000002293766
 -100000000002289174
 -100000000002284290
 -100000000002282936
 -100000000002282915
 -100000000002282888
 -100000000002282435
 -100000000002282170
 -100000000002265987
 -100000000002265020
 -100000000002264546
 -100000000002254325
 -100000000002254322
 -100000000002254317
 -100000000002252733
 -100000000002251300
 -100000000002251298
 -100000000002251292
 -100000000002251291
 -100000000002250083
 -100000000002248288
 -100000000002247079
 -100000000002247078
 -100000000002247065
 -100000000002244945
 -100000000002223612
 -100000000002221015
 -100000000002219708
 -100000000002218137
 -100000000002215819
 -100000000002215813
 -100000000002207403
 -100000000002205709
 -100000000002205423
 -100000000002202581
 -100000000002201170
 -100000000002199726
 -100000000002194989
 -100000000002190257
 -100000000002189907
 -100000000002186593
 -100000000002185454
 -100000000002185452
 -100000000002185451
 -100000000002183937
 -100000000002182561
 -100000000002182560
 -100000000002180353
 -100000000002180352
 -100000000002179400
 -100000000002178505
 -100000000002176235
 -100000000002174153
 -100000000002174152
 -100000000002174149
 -100000000002172513
 -100000000002169062
 -100000000002164699
 -100000000002164619
 -100000000002163660
 -100000000002163483
 -100000000002156681
 -100000000002152085
 -100000000002151751
 -100000000002151469
 -100000000002150419
 -100000000002148734
 -100000000002147007
 -100000000002146930
 -100000000002144845
 -100000000002142834
 -100000000002142833
 -100000000002142286
 -100000000002141668
 -100000000002133110
 -100000000002131237
 -100000000002130947
 -100000000002128925
 -100000000002128899
 -100000000002127275
 -100000000002118633
 -100000000002116904
 -100000000002116653
 -100000000002109547
 -100000000002109309
 -100000000002108496
 -100000000002101018
 -100000000002094202
 -100000000002087224
 -100000000002084771
 -100000000002084378
 -100000000002080831
 -100000000002077533
 -100000000002077532
 -100000000002071881
 -100000000002067584
 -100000000002067423
 -100000000002067422
 -100000000002065094
 -100000000002059911
 -100000000002054499
 -100000000002048125
 -100000000002047879
 -100000000002047878
 -100000000002047877
 -100000000002044148
 -100000000002044147
 -100000000002043796
 -100000000002030708
 -100000000002020023
 -100000000002001887
 -100000000001998250
 -100000000001990915
 -100000000001990632
 -100000000001987065
 -100000000001985002
 -100000000001982809
 -100000000001982176
 -100000000001980657
 -100000000001980656
 -100000000001975679
 -100000000001974326
 -100000000001974246
 -100000000001974245
 -100000000001974244
 -100000000001974243
 -100000000001974064
 -100000000001974063
 -100000000001968692
 -100000000001966781
 -100000000001966780
 -100000000001954147
 -100000000001952344
 -100000000001948882
 -100000000001936030
 -100000000001929944
 -100000000001925061
 -100000000001922579
 -100000000001910124
 -100000000001907384
 -100000000001904337
 -100000000001904335
 -100000000001875859
 -100000000001870043
 -100000000001854720
 -100000000001854212
 -100000000001837942
 -100000000001837594
 -100000000001830131
 -100000000001830130
 -100000000001830128
 -100000000001826686
 -100000000001825955
 -100000000001824588
 -100000000001824587
 -100000000001824586
 -100000000001824585
 -100000000001824584
 -100000000001821704
 -100000000001811181
 -100000000001810760
 -100000000001810749
 -100000000001802769
 -100000000001799531
 -100000000001797751
 -100000000001797750
 -100000000001797749
 -100000000001797676
 -100000000001796479
 -100000000001796478
 -100000000001785877
 -100000000001782257
 -100000000001781528
 -100000000001781527
 -100000000001781525
 -100000000001781524
 -100000000001781523
 -100000000001781522
 -100000000001780849
 -100000000001779854
 -100000000001779852
 -100000000001779851
 -100000000001779850
 -100000000001778129
 -100000000001778128
 -100000000001778127
 -100000000001778126
 -100000000001778125
 -100000000001778122
 -100000000001778117
 -100000000001778116
 -100000000001777330
 -100000000001777329
 -100000000001777328
 -100000000001777326
 -100000000001774758
 -100000000001774619
 -100000000001773194
 -100000000001767918
 -100000000001767916
 -100000000001766143
 -100000000001763965
 -100000000001763964
 -100000000001763963
 -100000000001763962
 -100000000001763622
 -100000000001760408
 -100000000001760406
 -100000000001760405
 -100000000001758257
 -100000000001754993
 -100000000001753472
 -100000000001752524
 -100000000001751690
 -100000000001751689
 -100000000001751688
 -100000000001751684
 -100000000001750847
 -100000000001750846
 -100000000001749067
 -100000000001746771
 -100000000001746770
 -100000000001739636
 -100000000001738403
 -100000000001738402
 -100000000001734084
 -100000000001722256
 -100000000001717185
 -100000000001716231
 -100000000001715835
 -100000000001713901
 -100000000001709530
 -100000000001709321
 -100000000001709320
 -100000000001709319
 -100000000001708114
 -100000000001706157
 -100000000001703636
 -100000000001702311
 -100000000001698435
 -100000000001694328
 -100000000001692797
 -100000000001691124
 -100000000001691123
 -100000000001691121
 -100000000001691025
 -100000000001690764
 -100000000001690543
 -100000000001690542
 -100000000001690541
 -100000000001690539
 -100000000001690531
 -100000000001690465
 -100000000001689794
 -100000000001689542
 -100000000001689484
 -100000000001689467
 -100000000001688487
 -100000000001688486
 -100000000001687698
 -100000000001687697
 -100000000001687605
 -100000000001686562
 -100000000001686540
 -100000000001682349
 -100000000001682347
 -100000000001679978
 -100000000001678377
 -100000000001676876
 -100000000001676767
 -100000000001676754
 -100000000001676749
 -100000000001676748
 -100000000001676747
 -100000000001676706
 -100000000001676704
 -100000000001676702
 -100000000001675949
 -100000000001675069
 -100000000001674752
 -100000000001672715
 -100000000001671645
 -100000000001671644
 -100000000001669777
 -100000000001669775
 -100000000001667879
 -100000000001661564
 -100000000001660320
 -100000000001659877
 -100000000001656674
 -100000000001656673
 -100000000001655291
 -100000000001655290
 -100000000001654997
 -100000000001653182
 -100000000001653103
 -100000000001652331
 -100000000001647176
 -100000000001639171
 -100000000001639170
 -100000000001639169
 -100000000001639168
 -100000000001639150
 -100000000001632562
 -100000000001631264
 -100000000001630400
 -100000000001630398
 -100000000001629525
 -100000000001629447
 -100000000001624740
 -100000000001624739
 -100000000001619901
 -100000000001619888
 -100000000001614785
 -100000000001607797
 -100000000001604561
 -100000000001596303
 -100000000001586009
 -100000000001582094
 -100000000001578010
 -100000000001576335
 -100000000001571655
 -100000000001565878
 -100000000001565658
 -100000000001565631
 -100000000001565403
 -100000000001565302
 -100000000001561441
 -100000000001561440
 -100000000001561439
 -100000000001560154
 -100000000001558972
 -100000000001557966
 -100000000001557965
 -100000000001556330
 -100000000001555792
 -100000000001554683
 -100000000001554625
 -100000000001548329
 -100000000001544652
 -100000000001543057
 -100000000001541776
 -100000000001540903
 -100000000001540902
 -100000000001535558
 -100000000001534788
 -100000000001534787
 -100000000001533222
 -100000000001533221
 -100000000001531613
 -100000000001530722
 -100000000001530643
 -100000000001527075
 -100000000001525264
 -100000000001522682
 -100000000001521238
 -100000000001519423
 -100000000001517708
 -100000000001514641
 -100000000001513931
 -100000000001505019
 -100000000001505018
 -100000000001505016
 -100000000001505015
 -100000000001481972
 -100000000001478187
 -100000000001477103
 -100000000001475598
 -100000000001463722
 -100000000001462299
 -100000000001460819
 -100000000001457350
 -100000000001454006
 -100000000001453938
 -100000000001453884
 -100000000001453882
 -100000000001453881
 -100000000001452811
 -100000000001452767
 -100000000001448162
 -100000000001442400
 -100000000001440018
 -100000000001440017
 -100000000001439649
 -100000000001434379
 -100000000001434141
 -100000000001432740
 -100000000001431261
 -100000000001429459
 -100000000001426590
 -100000000001424233
 -100000000001423650
 -100000000001423638
 -100000000001423570
 -100000000001417513
 -100000000001413550
 -100000000001407258
 -100000000001406811
 -100000000001405543
 -100000000001404382
 -100000000001402596
 -100000000001399864
 -100000000001399724
 -100000000001395295
 -100000000001393991
 -100000000001380356
 -100000000001376729
 -100000000001375810
 -100000000001369559
 -100000000001357181
 -100000000001354160
 -100000000001353905
 -100000000001348656
 -100000000001345377
 -100000000001344335
 -100000000001343676
 -100000000001341894
 -100000000001332586
 -100000000001331315
 -100000000001330092
 -100000000001326121
 -100000000001325961
 -100000000001323229
 -100000000001323122
 -100000000001321967
 -100000000001320930
 -100000000001320841
 -100000000001320778
 -100000000001320719
 -100000000001320622
 -100000000001320037
 -100000000001320000
 -100000000001319831
 -100000000001318440
 -100000000001317978
 -100000000001312522
 -100000000001308611
 -100000000001308610
 -100000000001308569
 -100000000001307037
 -100000000001306538
 -100000000001305630
 -100000000001302778
 -100000000001302359
 -100000000001302104
 -100000000001302038
 -100000000001301877
 -100000000001301155
 -100000000001298685
 -100000000001298342
 -100000000001286426
 -100000000001282963
 -100000000001282378
 -100000000001282377
 -100000000001280013
 -100000000001279368
 -100000000001279272
 -100000000001278414
 -100000000001278354
 -100000000001278191
 -100000000001278169
 -100000000001277987
 -100000000001277956
 -100000000001277851
 -100000000001277097
 -100000000001276543
 -100000000001276541
 -100000000001276540
 -100000000001276539
 -100000000001275319
 -100000000001275318
 -100000000001275316
 -100000000001275312
 -100000000001275311
 -100000000001274624
 -100000000001274621
 -100000000001274433
 -100000000001274004
 -100000000001274002
 -100000000001274001
 -100000000001274000
 -100000000001273999
 -100000000001272223
 -100000000001267665
 -100000000001267424
 -100000000001266968
 -100000000001266967
 -100000000001266965
 -100000000001266145
 -100000000001264088
 -100000000001263436
 -100000000001259800
 -100000000001259777
 -100000000001259776
 -100000000001258602
 -100000000001258034
 -100000000001253403
 -100000000001247524
 -100000000001247093
 -100000000001247092
 -100000000001247091
 -100000000001247090
 -100000000001246347
 -100000000001246346
 -100000000001246345
 -100000000001243000
 -100000000001239743
 -100000000001226314
 -100000000001224456
 -100000000001194180
 -100000000001194179
 -100000000001193889
 -100000000001192747
 -100000000001191362
 -100000000001191097
 -100000000001191056
 -100000000001191034
 -100000000001190798
 -100000000001190774
 -100000000001186629
 -100000000001185871
 -100000000001184483
 -100000000001180811
 -100000000001180810
 -100000000001179694
 -100000000001169710
 -100000000001168774
 -100000000001168759
 -100000000001168756
 -100000000001168245
 -100000000001168069
 -100000000001168061
 -100000000001168060
 -100000000001167799
 -100000000001167750
 -100000000001155863
 -100000000001145758
 -100000000001115396
 -100000000001115362
 -100000000001084431
 -100000000001084084
 -100000000001075410
 -100000000001075409
 -100000000001075408
 -100000000001074820
 -100000000001067527
 -100000000001067084
 -100000000001046991
 -100000000001030091
 -100000000001029160
 -100000000001028073
 -100000000001027520
 -100000000001027519
 -100000000001027432
 -100000000001016414
 -100000000000975407
 -100000000000973318
 -100000000000966113
 -100000000000966112
 -100000000000966111
 -100000000000964712
 -100000000000963638
 -100000000000963637
 -100000000000963636
 -100000000000962272
 -100000000000954850
 -100000000000949147
 -100000000000948962
 -100000000000948959
 -100000000000947820
 -100000000000947819
 -100000000000947818
 -100000000000947817
 -100000000000947816
 -100000000000947815
 -100000000000946595
 -100000000000946594
 -100000000000946593
 -100000000000946592
 -100000000000946396
 -100000000000945704
 -100000000000945703
 -100000000000944589
 -100000000000944447
 -100000000000943063
 -100000000000939843
 -100000000000939842
 -100000000000939841
 -100000000000939094
 -100000000000939093
 -100000000000939092
 -100000000000939091
 -100000000000937284
 -100000000000936696
 -100000000000936315
 -100000000000936141
 -100000000000936140
 -100000000000935062
 -100000000000935061
 -100000000000935060
 -100000000000935059
 -100000000000931503
 -100000000000931153
 -100000000000931066
 -100000000000921357
 -100000000000921356
 -100000000000920479
 -100000000000919770
 -100000000000919769
 -100000000000918813
 -100000000000918812
 -100000000000918811
 -100000000000918795
 -100000000000917890
 -100000000000917889
 -100000000000917888
 -100000000000907582
 -100000000000812166
 -100000000000812164
 -100000000000660648
 -100000000000576276
 -100000000000569691
 -100000000000569690
 -100000000000562689
 -100000000000557839
 -100000000000554474
 -100000000000554076
 -100000000000548868
 -100000000000545462
 -100000000000544505
 -100000000000543297
 -100000000000539932
 -100000000000538376
 -100000000000536994
 -100000000000536978
 -100000000000533734
 -100000000000454827
 -100000000000454826
 -100000000000450571
 -100000000000450511
 -100000000000445545
 -100000000000443002
 -100000000000418261
 -100000000000418132
 -100000000000417363
 -100000000000416345
 -100000000000416344
 -100000000000413435
 -100000000000413434
 -100000000000413432
 -100000000000413280
 -100000000000413279
 -100000000000411911
 -100000000000411910
 -100000000000407840
 -100000000000403819
 -100000000000403184
 -100000000000401233
 -100000000000397692
 -100000000000397691
 -100000000000396781
 -100000000000390039
 -100000000000372647
 -100000000000370801
 -100000000000369847
 -100000000000369536
 -100000000000368503
 -100000000000366730
 -100000000000366729
 -100000000000366728
 -100000000000366716
 -100000000000366715
 -100000000000366714
 -100000000000366713
 -100000000000366712
 -100000000000366704
 -100000000000366703
 -100000000000366702
 -100000000000366701
 -100000000000366347
 -100000000000365688
 -100000000000365383
 -100000000000364038
 -100000000000363689
 -100000000000363508
 -100000000000362130
 -100000000000361826
 -100000000000361825
 -100000000000361824
 -100000000000361823
 -100000000000359271
 -100000000000358941
 -100000000000358482
 -100000000000358480
 -100000000000358287
 -100000000000357487
 -100000000000357046
 -100000000000336437
 -100000000000335273
 -100000000000335176
 -100000000000334128
 -100000000000333119
 -100000000000333095
 -100000000000326488
 -100000000000324152
 -100000000000317686
 -100000000000299742
 -100000000000290113
 -100000000000288301
 -100000000000288300
 -100000000000286805
 -100000000000286804
 -100000000000280679
 -100000000000280525
 -100000000000279645
 -100000000000275247
 -100000000000253397
 -100000000000240231
 -100000000000239128
 -100000000000239101
 -100000000000236921
 -100000000000233359
 -100000000000227793
 -100000000000227621
 -100000000000224600
 -100000000000199169
 -100000000000192805
 -100000000000190427
 -100000000000186388
 -100000000000184654
 -100000000000184653
 -100000000000184637
 -100000000000180713
 -100000000000179590
 -100000000000179563
 -100000000000178878
 -100000000000176452
 -100000000000176451
 -100000000000175101
 -100000000000173635
 -100000000000173568
 -100000000000173088
 -100000000000171977
 -100000000000171974
 -100000000000169824
 -100000000000168553
 -100000000000167411
 -100000000000164299
 -100000000000162735
 -100000000000161329
 -100000000000158994
 -100000000000157688
 -100000000000156423
 -100000000000156332
 -100000000000153022
 -100000000000146920
 -100000000000146726
 -100000000000138916
 -100000000000137407
 -100000000000126533
 -100000000000125198
 -100000000000117286
 -100000000000117088
 -100000000000114913
 -100000000000114908
 -100000000000114145
 -100000000000114135
 -100000000000113572
 -100000000000111892
 -100000000000104232
 -100000000000104224
 -100000000000102133
 -100000000000102130
 -100000000000093222
 -100000000000092341
 -100000000000092332
 -100000000000091847
 -100000000000091763
 -100000000000091754
 -100000000000091747
 -100000000000091732
 -100000000000080832
 -100000000000077094
 -100000000000076356
 -100000000000072046
 -100000000000069927
 -100000000000069922
 -100000000000069921
 -100000000000067356
 -100000000000067343
 -100000000000066349
 -100000000000065774
 -100000000000063641
 -100000000000062316
 -100000000000061508
 -100000000000061502
 -100000000000056927
 -100000000000056685
 -100000000000055552
 -100000000000052178
 -100000000000050976
 -100000000000050498
 -100000000000049572
 -100000000000049440
 -100000000000049438
 -100000000000049437
 -100000000000049436
 -100000000000049105
 -100000000000049100
 -100000000000049098
 -100000000000049097
 -100000000000049096
 -100000000000049095
 -100000000000049094
 -100000000000049090
 -100000000000049083
 -100000000000048908
 -100000000000048892
 -100000000000048197
 -100000000000038290
 -100000000000038282
 -100000000000038015
 -100000000000037880
 -100000000000035710
 -100000000000035463
 -100000000000034936
 -100000000000034779
 -100000000000032262
 -100000000000031523
 -100000000000031466
 -100000000000030755
 -100000000000027599
 -100000000000027550
 -100000000000027548
 -100000000000027547
 -100000000000023669
 -100000000000023330
 -100000000000021575
 -100000000000021571
 -100000000000021476
 -100000000000021475
 -100000000000021474
 -100000000000021449
 -100000000000021168
 -100000000000021167
 -100000000000021028
 -100000000000020885
 -100000000000020739
 -100000000000020691
 -100000000000020689
 -100000000000020656
 -100000000000020331
 -100000000000020303
 -100000000000020091
 -100000000000018820
 -100000000000018814
 -100000000000018783
 -100000000000018710
 -100000000000018317
 -100000000000018128
 -100000000000018106
 -100000000000017523
 -100000000000017446
 -100000000000017305
 -100000000000017293
 -100000000000017200
 -100000000000017199
 -100000000000017194
 -100000000000017191
 -100000000000017159
 -100000000000017001
 -100000000000016984
 -100000000000016980
 -100000000000016957
 -100000000000016859
 -100000000000016816
 -100000000000016808
 -100000000000016805
 -100000000000016796
 -100000000000016795
 -100000000000016785
 -100000000000016689
 -100000000000016680
 -100000000000016364
 -100000000000016353
 -100000000000016350
 -100000000000016345
 -100000000000016344
 -100000000000016143
 -100000000000016090
 -100000000000016089
 -100000000000016067
 -100000000000016066
 -100000000000015533
 -100000000000014992
 -100000000000014812
 -100000000000014168
 -100000000000013972
 -100000000000013625
 -100000000000012735
 -100000000000012589
 -100000000000011930
 -100000000000009305
 -100000000000009227
 -100000000000009226
 -100000000000008951
 -100000000000008950
 -100000000000008941
 -100000000000008116
 -100000000000008115
 -100000000000007991
 -100000000000007883
 -100000000000007881
 -100000000000007855
 -100000000000007835
 -100000000000007122
 -100000000000006943
 -100000000000006835
 -100000000000006463
 -100000000000006384
 -100000000000006337
 -100000000000006334
 -100000000000006331
 -100000000000006322
 -100000000000005733
 -100000000000005649
 -100000000000004320
 -100000000000004319
 -100000000000004258
 -100000000000004212
 -100000000000004182
 -100000000000004147
 -100000000000004140
 -100000000000004139
 -100000000000004087
 -100000000000004064
 -100000000000004023
 -100000000000004022
 -100000000000004019
 -100000000000004018
 -100000000000004016
 -100000000000004015
 -100000000000004014
 -100000000000004008
 -100000000000004005
 -100000000000004004
 -100000000000003927
 -100000000000003924
 -100000000000003923
 -100000000000003765
 -100000000000002200
 -100000000000001074
 -100000000000000986
 -100000000000000951
 -100000000000000928
 -100000000000000914
 -100000000000000410
          -421511302
          -420550008
          -416292456
          -414873868
          -414800340
          -414496140
          -414353225
          -414353212
          -412931248
          -411383308
          -410964049
          -410964004
          -410195354
          -409067858
          -408362420
          -405558459
          -403288181
          -401879970
          -401877464
          -401502083
          -401314766
          -399050119
          -398860293
          -398079199
          -397144641
          -396483201
          -395873700
          -395784320
          -395772717
          -395468171
          -395075313
          -390598839
          -389704544
          -389055172
          -388392301
          -388315395
          -387800996
          -387316261
          -387309879
          -387309878
          -387309877
          -387220855
          -387140348
          -386985109
          -386470771
          -386323307
          -386183337
          -385994472
          -385487336
          -385438420
          -384897499
          -384794315
          -383024476
          -383024468
          -383014033
          -382942065
          -382671750
          -381990881
          -380952222
          -380876944
          -380860294
          -378171632
          -378013129
          -377286126
          -377026143
          -376712297
          -375003426
          -374711467
          -373742020
          -372087772
          -371960982
          -371273846
          -370654881
          -370365575
          -369606593
          -369440500
          -369440108
          -364559809
          -362751103
          -362659396
          -362359669
          -361060833
          -360075735
          -358470673
          -354607801
          -354606461
          -353929131
          -352622013
          -352608046
          -351969234
          -351630473
          -351626906
          -351626803
          -350798823
          -350795723
          -348930148
          -348814047
          -348415770
          -348042844
          -343423273
          -343399527
          -343389738
          -342786822
          -342529219
          -342307433
          -342305311
          -342203446
          -342196499
          -340909215
          -340216008
          -340215409
          -339986791
          -339877295
          -339839046
          -338070295
          -337572918
          -337448198
          -336936518
          -336749982
          -336748285
          -335597256
          -335528895
          -335375596
          -335030619
          -334769850
          -334767843
          -334682129
          -334681657
          -334577275
          -334577004
          -334574076
          -334548519
          -332538384
          -332454900
          -332413862
          -331564927
          -331153628
          -331151625
          -330942382
          -328678153
          -328384079
          -328282288
          -327846978
          -326970918
          -326956782
          -325916392
          -325301021
          -325283982
          -325282487
          -325102318
          -325094873
          -324333543
          -324304646
          -324300078
          -324298839
          -324193474
          -324186604
          -324099223
          -324091974
          -324087511
          -324072325
          -323994746
          -323994722
          -323982144
          -323352136
          -322739784
          -322529703
          -322077825
          -322042352
          -321791600
          -321394729
          -320465615
          -320465326
          -320463824
          -320463543
          -320463542
          -320463541
          -320436837
          -320436836
          -320436819
          -320301288
          -320301284
          -320286524
          -320209516
          -320179421
          -320122076
          -320096266
          -320088007
          -319960595
          -319662647
          -319477491
          -319477490
          -319477489
          -319447951
          -319398721
          -317725455
          -317712147
          -317709088
          -317703131
          -317703122
          -317698100
          -317697136
          -317695619
          -317681058
          -317613087
          -317611715
          -317609727
          -317607578
          -317605802
          -317116439
          -315050024
          -314940585
          -314940577
          -314910564
          -314901295
          -314803393
          -314321578
          -313791265
          -313472417
          -312615226
          -312323181
          -312145752
          -312122089
          -312055051
          -311091896
          -311032559
          -309990295
          -309603539
          -309561506
          -309136521
          -308833491
          -308616583
          -308128992
          -308059859
          -307996994
          -307937744
          -307811336
          -307810588
          -307807336
          -307516563
          -306406962
          -306328047
          -306192679
          -305915237
          -305612512
          -305476944
          -305394610
          -303191336
          -302807778
          -301814187
          -301389309
          -301331211
          -301275690
          -300931900
          -300446186
          -299749732
          -299413382
          -298124604
          -295570633
          -295570555
          -295288836
          -294258614
          -293811192
          -292641961
          -292636241
          -292636239
          -292624005
          -292360137
          -292360120
          -292360108
          -292360104
          -292354342
          -292354335
          -291888332
          -291455725
          -290697304
          -290406228
          -289274856
          -289211787
          -289107691
          -289107687
          -288138805
          -288107795
          -288067391
          -286147782
          -285963275
          -284696221
          -284635239
          -284251639
          -283128112
          -282950820
          -277872360
          -277500639
          -276984549
          -276919703
          -276560423
          -275859029
          -275820467
          -275813459
          -274110396
          -272676789
          -272205771
          -272194737
          -271773189
          -271773187
          -271090550
          -270597819
          -270579348
          -270575927
          -270249311
          -270143083
          -269402349
          -269392888
          -268784070
          -268751446
          -268682216
          -268010651
          -267772589
          -267539305
          -267539294
          -267085703
          -266887565
          -266861545
          -264986539
          -264986536
          -264806235
          -264565111
          -264061640
          -264027309
          -264026392
          -262141371
          -262141370
          -261751026
          -261738972
          -261728805
          -261627222
          -261576882
          -261448374
          -261448349
          -261044349
          -260989581
          -260989580
          -260989578
          -260574599
          -260428774
          -260320244
          -260270271
          -260095725
          -260041993
          -259998959
          -259998503
          -259996636
          -259982047
          -259925594
          -259692451
          -259663466
          -259661774
          -259570502
          -259568685
          -259562990
          -259529735
          -259323730
          -258736053
          -258553895
          -258026992
          -257783912
          -257674206
          -257674175
          -257643952
          -257640771
          -257439361
          -257418062
          -257371376
          -257358993
          -257242558
          -257239862
          -257236707
          -257232303
          -257229709
          -257176651
          -257171226
          -257168363
          -257168354
          -257162136
          -257160017
          -256985040
          -256951600
          -256951595
          -256770309
          -256593266
          -256366917
          -256308301
          -256084175
          -255925017
          -255883239
          -255835616
          -255773075
          -255717914
          -255562443
          -255455084
          -255217653
          -254782145
          -254767096
          -254543092
          -254467203
          -254334839
          -253945012
          -253882190
          -253791677
          -253253157
          -253110714
          -253109603
          -253109581
          -253094884
          -253046436
          -252836532
          -252792603
          -252690075
          -252384087
          -251662565
          -251154721
          -251032031
          -251032025
          -250948313
          -250224634
          -250171268
          -248363483
          -248022262
          -248022261
          -245495107
          -245443480
          -243956605
          -243731043
          -243707776
          -243273622
          -243202578
          -242040534
          -240639091
          -240496957
          -240431945
          -240326540
          -240291033
          -239240956
          -239132607
          -239131844
          -239097155
          -239039384
          -238637301
          -238496139
          -237723234
          -237662103
          -237662091
          -237307611
          -237301971
          -237152862
          -237100874
          -236998798
          -236801477
          -236796934
          -236780836
          -236719853
          -236594787
          -236109213
          -235716130
          -235040649
          -234871369
          -234075344
          -233777554
          -233641082
          -233613071
          -233422197
          -233414750
          -233049110
          -233042693
          -232392765
          -232272882
          -232272079
          -232272078
          -232210765
          -232204106
          -231913751
          -231755296
          -231553654
          -231267330
          -231202749
          -230495987
          -230251719
          -230251711
          -230086054
          -229715557
          -229559647
          -229558449
          -229425564
          -228441995
          -228386752
          -228354923
          -228303730
          -228303728
          -228303713
          -228303712
          -228303711
          -228272909
          -228272908
          -228214339
          -228075047
          -227886200
          -227840678
          -227834073
          -227708142
          -227217464
          -226984291
          -226984290
          -226984278
          -226532153
          -225746967
          -225734652
          -224756151
          -223890238
          -222801928
          -219087988
          -218651874
          -218131315
          -217190098
          -216979645
          -216883996
          -216870327
          -216664724
          -216645321
          -216507504
          -216496354
          -215561691
          -215476245
          -215444668
          -215431284
          -214808534
          -214774423
          -214774421
          -214744735
          -214728207
          -214689165
          -214689134
          -214394995
          -214349542
          -214349536
          -214349529
          -214349527
          -214349524
          -214338357
          -214287290
          -214002221
          -213862868
          -213158132
          -212674511
          -212674491
          -212674448
          -212674355
          -212350210
          -212039907
          -212039906
          -211996535
          -211996531
          -211890747
          -211890745
          -211878470
          -211244636
          -210714049
          -210714048
          -210692901
          -210579281
          -210560594
          -210560593
          -210283568
          -210137913
          -210137907
          -209772666
          -209772631
          -209734464
          -209242523
          -209032839
          -208921766
          -208921765
          -208498211
          -208404484
          -208404483
          -208032922
          -207853904
          -207740291
          -207392931
          -206310170
          -205807933
          -205668905
          -205632231
          -205588745
          -205226390
          -204735888
          -204544100
          -204018089
          -203874838
          -203874837
          -203585011
          -202393394
          -202056204
          -201275800
          -201178332
          -200856287
          -199990070
          -199990069
          -199773414
          -199478902
          -199004779
          -197945285
          -197945283
          -197855447
          -197764209
          -197762217
          -197663024
          -197400425
          -197398210
          -197397418
          -197387003
          -197204638
          -196794013
          -196737674
          -196737658
          -196731282
          -196641809
          -196584947
          -196584327
          -196520753
          -196312689
          -196310192
          -196309524
          -195816868
          -195180966
          -194977334
          -194785013
          -194102233
          -194071914
          -193971390
          -193437995
          -193388708
          -192964043
          -192964038
          -192964036
          -191466769
          -191466768
          -191110505
          -189704245
          -189450631
          -189422386
          -189397122
          -189249710
          -188990065
          -188314158
          -188064083
          -188055788
          -188032895
          -187815289
          -186090589
          -185943738
          -185409174
          -185269900
          -184746870
          -184746864
          -184740639
          -184740627
          -184017439
          -183358494
          -183358492
          -182163250
          -181986240
          -181977920
          -181977665
          -179411485
          -178151119
          -177860945
          -177675594
          -175481131
          -174523394
          -173343897
          -173135144
          -172800341
          -172620798
          -172453431
          -172406526
          -171632459
          -170755244
          -170754712
          -170754709
          -170754708
          -169134169
          -167441966
          -167441602
          -167441037
          -167440913
          -167440737
          -167348260
          -167348258
          -166908859
          -166908858
          -164636793
          -164636779
          -164636761
          -164631180
          -164393476
          -164393454
          -163994323
          -163847754
          -163847753
          -162592363
          -162592350
          -162592315
          -162592305
          -162592299
          -162565378
          -162435887
          -161483968
          -161126793
          -161126781
          -159325394
          -159311378
          -159235892
          -158926436
          -158184520
          -157385382
          -157225063
          -157161705
          -156722231
          -156672390
          -155954545
          -155441319
          -155437109
          -155197284
          -155011119
          -155010470
          -155003415
          -155003414
          -155000249
          -154782200
          -154570152
          -154245876
          -154214763
          -152905424
          -152891063
          -152539981
          -152271937
          -152234877
          -152234875
          -152232080
          -152180884
          -152102491
          -151989681
          -151269375
          -151211151
          -151176232
          -151049354
          -151037096
          -150591362
          -150077119
          -149407720
          -148773303
          -146664734
          -146355486
          -146261628
          -146171074
          -145397569
          -145395888
          -145395885
          -145394003
          -145239324
          -145235944
          -145235719
          -145235294
          -145234220
          -145233608
          -145229330
          -145172678
          -144843621
          -142926210
          -142882411
          -142551224
          -140658835
          -140658655
          -140658599
          -139960833
          -139960813
          -139517237
          -139341805
          -138957252
          -138957238
          -138957233
          -138957230
          -137558596
          -136854543
          -136758912
          -136689132
          -136647473
          -136641126
          -136641102
          -136641092
          -135931801
          -135633317
          -135633316
          -135633313
          -135633309
          -135633295
          -135633294
          -135633293
          -135633292
          -135633291
          -135633288
          -135633286
          -135633285
          -135633284
          -135633283
          -135512130
          -135512128
          -135512127
          -135512125
          -135512117
          -135512116
          -135512111
          -135512109
          -135512108
          -135512107
          -135512106
          -135512094
          -135512093
          -135512092
          -135512089
          -135512087
          -135512071
          -135512039
          -135512029
          -135512025
          -135512023
          -135512022
          -135512021
          -135512018
          -135512014
          -135512012
          -135207187
          -134757759
          -134727084
          -134727081
          -134727069
          -133788268
          -133788266
          -133788262
          -133788259
          -133788257
          -133788256
          -133788254
          -133788244
          -133788238
          -133788236
          -133782905
          -133782900
          -133782896
          -133782893
          -133782865
          -133782863
          -133782859
          -133782856
          -133782855
          -133679226
          -133679206
          -133679190
          -133679175
          -133679144
          -133679117
          -133679109
          -133679102
          -133679089
          -133509856
          -133509846
          -133509843
          -133509841
          -133507177
          -133507175
          -132679864
          -132679861
          -132679853
          -132679850
          -132679849
          -132644206
          -132578600
          -132578599
          -132578598
          -132578597
          -132578596
          -132578594
          -132578593
          -132578592
          -132578591
          -132578590
          -132578588
          -132578587
          -132578584
          -132578583
          -132578582
          -132578579
          -132578578
          -132578576
          -132578575
          -132578572
          -132578569
          -132578562
          -132578555
          -132578543
          -132578526
          -132578511
          -132578507
          -132578506
          -132578503
          -132578493
          -132578492
          -132578491
          -132578487
          -132578486
          -132578485
          -132578480
          -132578478
          -132578477
          -132578281
          -132578280
          -132578277
          -132578275
          -132578273
          -132578272
          -132578269
          -132578268
          -132578262
          -132578260
          -132578255
          -132484408
          -132484394
          -132471033
          -132407366
          -132407290
          -132407284
          -132407240
          -132407227
          -132407218
          -132407216
          -132407214
          -132407210
          -132407209
          -132407206
          -132407205
          -132407203
          -132407202
          -132407201
          -132407200
          -132407199
          -132133734
          -132133728
          -132133713
          -132133709
          -132133701
          -132133694
          -132133690
          -132133668
          -131884760
          -130589501
          -130453361
          -130453019
          -130453017
          -130453016
          -130058148
          -129933748
          -129793374
          -129793313
          -129743189
          -129398196
          -129118910
          -129118909
          -129118906
          -128981506
          -128910421
          -128819884
          -128819743
          -128515303
          -128278655
          -128252716
          -128132471
          -127103622
          -125826495
          -124263480
          -122389667
          -122389663
          -122389662
          -122389653
          -122231671
          -121953018
          -121494361
          -121494358
          -120921405
          -120921398
          -120921397
          -120921396
          -120723521
          -120287894
          -120287891
          -119300205
          -119150477
          -119150474
          -119150470
          -119150457
          -119150428
          -118792328
          -118238192
          -118238166
          -118238038
          -118237972
          -118237626
          -118237563
          -118237533
          -118237491
          -118237478
          -118237431
          -117695705
          -117695693
          -117695690
          -117695668
          -116401989
          -116037615
          -115983606
          -115595205
          -115076589
          -114798748
          -114775511
          -114771999
          -114733305
          -114446694
          -114433925
          -113518356
          -113505280
          -113505277
          -112578241
          -112077132
          -112071747
          -110590844
          -110340618
          -109730874
          -108527191
          -108527183
          -108352853
          -107555821
          -107381382
          -107381376
          -106302470
          -106101807
          -106101802
          -105255742
          -103169729
          -103085215
          -102717204
          -102717196
          -102717194
          -101992297
          -101843483
          -101825907
          -101825839
          -101825762
          -101494263
          -101412187
          -101412174
          -100608893
          -100608823
          -100490845
          -100213239
          -100088650
          -100088082
           -99952055
           -99497432
           -99446379
           -99446378
           -99446369
           -99446365
           -99445289
           -99445281
           -99445277
           -99438674
           -99056173
           -98586899
           -98458055
           -98251116
           -97845567
           -97845551
           -97845489
           -97845465
           -97023238
           -96937726
           -96824571
           -96824559
           -95504292
           -95129259
           -95129258
           -95099130
           -94248903
           -93791530
           -93784605
           -92870860
           -92708264
           -91874487
           -90501496
           -90497608
           -90304953
           -90304946
           -89960717
           -89277125
           -89276998
           -87503308
           -87503294
           -87503238
           -87501780
           -87384622
           -86733297
           -86425167
           -86419428
           -85876428
           -85876354
           -85802441
           -85801400
           -85801399
           -85637180
           -85570308
           -85567786
           -85567743
           -85472543
           -85472469
           -84836830
           -84836827
           -84836825
           -84836823
           -84751621
           -84751619
           -84727807
           -84655451
           -84655417
           -84655413
           -84655398
           -84539931
           -84539909
           -84539896
           -84539884
           -84539862
           -84539836
           -84539823
           -84539816
           -84147570
           -84087482
           -84087138
           -84040191
           -84040182
           -84040174
           -84040170
           -83244915
           -83244879
           -83244877
           -83244826
           -83244817
           -83186451
           -81963658
           -80141503
           -79849736
           -79502041
           -79291217
           -78417919
           -78389132
           -77686148
           -77642431
           -77642421
           -76654467
           -75642429
           -75642255
           -75106404
           -74200277
           -72658733
           -71500138
           -69568276
           -68911360
           -68666280
           -68666253
           -68347451
           -68293511
           -68293503
           -68293502
           -68293458
           -68293425
           -68293387
           -68293377
           -67907782
           -67191260
           -66668370
           -66636917
           -66599614
           -66311730
           -66309426
           -66309409
           -66309357
           -66309320
           -66309184
           -66309066
           -66256645
           -66113410
           -66100584
           -64565850
           -62160845
           -62065167
           -62064335
           -62064333
           -61898015
           -61597997
           -61597587
           -61597520
           -61031718
           -60958664
           -60958659
           -60958593
           -60827301
           -60738269
           -60731420
           -60298136
           -60129253
           -60129245
           -60129233
           -60129223
           -60129220
           -60129216
           -59831024
           -59826405
           -59683061
           -59683054
           -59683038
           -59660377
           -59625918
           -59625913
           -59603523
           -59603519
           -59603513
           -59603508
           -59603502
           -59603496
           -59603492
           -59603487
           -59603471
           -59565172
           -59532055
           -59532033
           -59532004
           -59526127
           -59485471
           -59381739
           -59236712
           -59236708
           -59234577
           -59234485
           -59234384
           -59234335
           -59139065
           -59139028
           -59138955
           -59138704
           -59037748
           -58723049
           -58722837
           -58722602
           -58722601
           -58722485
           -58722480
           -58587150
           -57844251
           -55968274
           -55968273
           -53785325
           -53582272
           -53581814
           -53579425
           -53575707
           -52462470
           -52332415
           -50900189
           -50806184
           -50806183
           -50760335
           -50676751
           -50640453
           -50640445
           -50217004
           -49746359
           -49210067
           -48868572
           -48686816
           -47289427
           -47257344
           -47152750
           -47152735
           -47152732
           -46906832
           -46830707
           -46828391
           -46765710
           -46760822
           -46760529
           -46759155
           -46758014
           -46695158
           -46610623
           -46609854
           -46609777
           -46609015
           -46579884
           -46579883
           -46541677
           -46541662
           -46332971
           -46177751
           -45852731
           -45820765
           -45820763
           -45736100
           -45734696
           -45734588
           -45734449
           -45733948
           -45733438
           -45514413
           -45503597
           -45173441
           -45021913
           -44447142
           -44314442
           -43527698
           -43485293
           -43335506
           -43176409
           -43111875
           -43042881
           -43042711
           -43037227
           -43036119
           -43035552
           -43017091
           -42998406
           -42998326
           -42998313
           -42959434
           -42959265
           -42833848
           -42833778
           -42833291
           -42783975
           -42783783
           -42689980
           -42637929
           -42637907
           -42637884
           -42623926
           -42621497
           -42620355
           -42620177
           -42232477
           -42232471
           -42232396
           -42231820
           -42231691
           -42231600
           -42218526
           -42218440
           -42218355
           -42164242
           -42162166
           -42131854
           -42131371
           -42130828
           -42117438
           -42117105
           -42114359
           -42098792
           -42098236
           -42056402
           -42056365
           -42056290
           -42055416
           -42055288
           -42055209
           -42055163
           -42055102
           -42055045
           -42054873
           -42052440
           -42048921
           -42045426
           -42039310
           -42013353
           -42004023
           -42003635
           -42003556
           -42003428
           -42002899
           -41993761
           -41993173
           -41992755
           -41989025
           -41975561
           -41975441
           -41974986
           -41974643
           -41967182
           -41967133
           -41931943
           -41931846
           -41931695
           -41931399
           -41931169
           -41930855
           -41930807
           -41923810
           -41913267
           -41902369
           -41882408
           -41882391
           -41882309
           -41834076
           -41821678
           -41764497
           -41764482
           -41758175
           -41757784
           -41750757
           -41741239
           -41741219
           -41674867
           -41674810
           -41674696
           -41386381
           -41246365
           -41191544
           -41191323
           -41189040
           -41042622
           -41019224
           -41018968
           -41018577
           -41018348
           -41018054
           -41017129
           -40987877
           -40968634
           -40948680
           -40948626
           -40522274
           -40465477
           -40451744
           -40451731
           -40451664
           -40000829
           -40000825
           -39975773
           -39950963
           -39950566
           -39950563
           -39949891
           -39949887
           -39949886
           -39949885
           -39904711
           -39898217
           -39897188
           -39895205
           -39895139
           -39894891
           -39894537
           -39894535
           -39894236
           -39894065
           -39894063
           -39891527
           -39891526
           -39891045
           -39890346
           -39890081
           -39890080
           -39889354
           -39889353
           -39889191
           -39889032
           -39889030
           -39889028
           -39886813
           -39886691
           -39886312
           -39885778
           -39885775
           -39885329
           -39885328
           -39885144
           -39885035
           -39885034
           -39885026
           -39701609
           -39447613
           -39447612
           -39424260
           -39394046
           -39343183
           -39185243
           -39122390
           -39074803
           -39074798
           -38863232
           -38863230
           -38812944
           -38789079
           -38782235
           -38757614
           -38696075
           -38696074
           -38551745
           -38315925
           -38283816
           -38245957
           -38245018
           -38229261
           -38159340
           -38154744
           -38052219
           -37855829
           -37832636
           -37799386
           -37742502
           -37727554
           -37585274
           -37532669
           -37519056
           -37221224
           -37126161
           -37125565
           -36864783
           -36712005
           -36633220
           -36573329
           -35953840
           -35907233
           -35904509
           -35869709
           -35841198
           -35834483
           -35824708
           -35776183
           -35776172
           -35776163
           -35776142
           -35776139
           -35594424
           -35594423
           -35588890
           -35588881
           -35588873
           -35584607
           -35552462
           -35552423
           -35146650
           -35127590
           -35094041
           -35083793
           -35077547
           -35007104
           -34942724
           -34914077
           -34912682
           -34888503
           -34784832
           -34630848
           -34625597
           -34613009
           -34258740
           -34238997
           -34238995
           -33853537
           -33281191
           -33281160
           -33280997
           -33280826
           -33215437
           -33215372
           -33215292
           -33215136
           -33215036
           -33214827
           -33214738
           -33214482
           -33214444
           -33214349
           -33214291
           -33214167
           -33214037
           -33213926
           -33213825
           -33213260
           -33212946
           -33186331
           -33183734
           -33183580
           -33183335
           -33182140
           -33181219
           -33181192
           -33180807
           -33126251
           -33125602
           -33125517
           -33125098
           -33125052
           -33125032
           -33125011
           -33101909
           -33063417
           -32965129
           -32958111
           -32883587
           -32875754
           -32875361
           -32874882
           -32874880
           -32857649
           -32671513
           -32515469
           -32449933
           -32431949
           -32431942
           -32431925
           -32431913
           -32431873
           -32431867
           -32431850
           -32431815
           -32431809
           -32431796
           -32431794
           -32431786
           -32431783
           -32431781
           -32431779
           -32431764
           -32431719
           -32431711
           -32400820
           -32335454
           -32321891
           -32321811
           -32233834
           -32060360
           -32045666
           -32042605
           -32042590
           -32038606
           -32038045
           -32037999
           -32037660
           -32037632
           -32037622
           -32037606
           -32037594
           -32037285
           -32037186
           -32036898
           -32036771
           -32036345
           -31828181
           -31828132
           -31755857
           -31755818
           -31736242
           -31433196
           -31307378
           -31260583
           -31145809
           -31137694
           -31137499
           -31116579
           -31106300
           -31106238
           -31105458
           -31105441
           -31105433
           -31105405
           -31105338
           -31096348
           -31096142
           -30925508
           -30666358
           -30666356
           -30662891
           -30636985
           -30636984
           -30620005
           -30620003
           -30611020
           -30549329
           -30437639
           -30222215
           -30139165
           -30101644
           -30066203
           -30051336
           -29780976
           -29779452
           -29545391
           -29461069
           -29431487
           -29410192
           -29397030
           -29331769
           -29331753
           -29293603
           -29285447
           -29285308
           -29271527
           -29099783
           -29005695
           -28850628
           -28849766
           -28631569
           -28520681
           -28520666
           -28514794
           -28512720
           -28490295
           -28433161
           -28429277
           -28428157
           -28392017
           -28390561
           -28350822
           -28332350
           -28235743
           -28234733
           -28176361
           -28056784
           -28056564
           -28002197
           -27860923
           -27860913
           -27810664
           -27782566
           -27770026
           -27546229
           -27518615
           -27507067
           -27506430
           -27505418
           -27505411
           -27439824
           -27439812
           -27439717
           -27439696
           -27439529
           -27439477
           -27439422
           -27439339
           -27433981
           -27433626
           -27433242
           -27433034
           -27432983
           -27432959
           -27432675
           -27427416
           -27427090
           -27426988
           -27426961
           -27426878
           -27426832
           -27426817
           -27426791
           -27414453
           -27346830
           -27346799
           -27346795
           -27346734
           -27344752
           -27344436
           -27344245
           -27229706
           -27212124
           -27212120
           -27200654
           -27182967
           -27182915
           -27182837
           -27181973
           -27180826
           -27178408
           -27143749
           -27143579
           -27143288
           -27143285
           -27143079
           -27143075
           -27136135
           -27102286
           -27102182
           -27101728
           -27101562
           -27101156
           -27009203
           -26975341
           -26933732
           -26724403
           -26419186
           -26267664
           -26204871
           -26204577
           -26165666
           -26148324
           -26147755
           -26123590
           -26036844
           -26034895
           -26034789
           -26034706
           -25893176
           -25891594
           -25891486
           -25891472
           -25891446
           -25891384
           -25891366
           -25891323
           -25879478
           -25878005
           -25875483
           -25875459
           -25875130
           -25875027
           -25874995
           -25874853
           -25874851
           -25874815
           -25872044
           -25872025
           -25872018
           -25872013
           -25871940
           -25871912
           -25871901
           -25871887
           -25871854
           -25871769
           -25871722
           -25871658
           -25871652
           -25871640
           -25871592
           -25871588
           -25871546
           -25871524
           -25870426
           -25640249
           -25626626
           -25583357
           -25583310
           -25524436
           -25523868
           -25523320
           -25523217
           -25519032
           -25518800
           -25491864
           -25453063
           -25421905
           -25382052
           -25367014
           -25280873
           -25135431
           -25135199
           -25134876
           -25134840
           -25133187
           -25051436
           -25037438
           -24955088
           -24907469
           -24906641
           -24900285
           -24896020
           -24896010
           -24795061
           -24693171
           -24693141
           -24693122
           -24693113
           -24693063
           -24693050
           -24693042
           -24667480
           -24641891
           -24641428
           -24641380
           -24629978
           -24629209
           -24615557
           -24592260
           -24463329
           -24422243
           -24418538
           -23961077
           -23961049
           -23824383
           -23824329
           -23824205
           -23655426
           -23594572
           -23536237
           -23398373
           -23391172
           -23391168
           -23388283
           -23388248
           -23388240
           -23387827
           -23387505
           -23382429
           -23368491
           -23368451
           -23368414
           -23367018
           -23352686
           -23345496
           -23335670
           -23332258
           -23332254
           -23332197
           -23332196
           -23332193
           -23332185
           -23317901
           -23316202
           -23315715
           -23312060
           -23312059
           -23312019
           -23311512
           -23311432
           -23311431
           -23231883
           -23231776
           -23231775
           -23231774
           -23231503
           -23193098
           -23170189
           -23149462
           -23146941
           -23130242
           -23130063
           -23045896
           -23045893
           -23045762
           -23045628
           -22979183
           -22970887
           -22970804
           -22970766
           -22970755
           -22970593
           -22969984
           -22951789
           -22951776
           -22951767
           -22934621
           -22757296
           -22724155
           -22697700
           -22690799
           -22633797
           -21611243
           -20408956
           -19862476
           -19862470
           -19745276
           -19596221
           -19594156
           -19397070
           -19053071
           -19052757
           -19035102
           -18122481
           -18071924
           -17465919
           -17192053
           -17191115
           -14498291
           -14401766
           -14401510
           -14400555
           -14112788
           -14112665
           -14112600
           -14112470
           -14112386
           -14112238
           -14110995
           -14110740
           -14109297
           -14108948
           -14108685
           -14108461
           -13929588
           -13890898
           -13872999
           -13870633
           -13870438
           -13870407
           -13862895
           -12600422
           -11980993
           -11620389
           -11619948
           -11546355
           -10420619
           -10420582
           -10368153
           -10273609
           -10259000
           -10258999
            -9735119
            -9735106
            -9735055
            -9734295
            -9583956
            -9419690
            -9353000
            -8836609
            -8836574
            -8836537
            -8836512
            -8835898
            -8819412
            -8818756
            -8817518
            -8817420
            -8816359
            -8816095
            -8815706
            -8815652
            -8815423
            -8815029
            -8814803
            -8814560
            -8806527
            -8806289
            -8806277
            -8806274
            -8806175
            -8806136
            -8806116
            -8806098
            -8806021
            -8805863
            -8805827
            -8805460
            -8805231
            -8805189
            -8805176
            -8805133
            -8805069
            -8804937
            -8804917
            -8804886
            -8804299
            -8803903
            -8802027
            -8801879
            -8801333
            -8801020
            -8800879
            -8799579
            -8799407
            -8798960
            -8797925
            -8611200
            -8604184
            -8603956
            -8591597
            -8103246
            -8103166
            -8103165
            -8103164
            -8103160
            -8103159
            -8103156
            -8103057
            -8103010
            -8103008
            -8102985
            -8102983
            -8102982
            -8102951
            -8094823
            -8094820
            -8079698
            -8071466
            -8071137
            -8059673
            -8058421
            -8058283
            -8057755
            -8043640
            -8043638
            -8043420
            -8027923
            -7991082
            -7970591
            -7970588
            -7970518
            -7923074
            -7923072
            -7891570
            -7890795
            -7890211
            -7889250
            -7889031
            -7888973
            -7883155
            -7860058
            -7859906
            -7671001
            -7670844
            -7670340
            -7670284
            -7669488
            -7668261
            -7668254
            -7661288
            -7368872
            -7365332
            -5459046
            -5257261
            -5247295
            -5247292
            -5246713
            -5246707
            -5229977
            -5049133
            -5046693
            -5038768
            -5038763
            -5034514
            -5033724
            -5030779
            -5023922
            -5020240
            -5016219
            -5016218
            -5016214
            -5011409
            -5007349
            -5007348
            -5007000
            -5006998
            -5006997
            -5006993
            -5006992
            -5006230
            -4999264
            -4985585
            -4970693
            -4966564
            -4965073
            -4938332
            -4938215
            -4903973
            -4903673
            -4903461
            -4902004
            -4901975
            -4900798
            -4893182
            -4891934
            -4887745
            -4882801
            -4878385
            -4878372
            -4878349
            -4876118
            -4875977
            -4818004
            -4791816
            -4760712
            -4760708
            -4749500
            -4748220
            -4748199
            -4748197
            -4746555
            -4741659
            -4735462
            -4731781
            -4682682
            -4682679
            -4682064
            -4681957
            -4681921
            -4678571
            -4674482
            -4651362
            -4649937
            -4649936
            -4649933
            -4616438
            -4609720
            -4602603
            -4598293
            -4596765
            -4490969
            -4411800
            -4352889
            -4334016
            -4286578
            -4260391
            -4251983
(4373 rows)

